2768786.78121295 1598559.7934619738 -5500503.114700751 
2008.0 1.0 1.0 0.0 0.0 0.0 10.953448746983423 55.88954932875283 0.0 0.0 
2008.0 1.0 1.0 0.0 0.0 1.0 10.984716973634104 55.860579118315115 0.0 0.0 
2008.0 1.0 1.0 0.0 0.0 2.0 11.015928738625655 55.831595101881106 0.0 0.0 
2008.0 1.0 1.0 0.0 0.0 3.0 11.047084148737326 55.80259730266943 0.0 0.0 
2008.0 1.0 1.0 0.0 0.0 4.0 11.078183310569143 55.77358574379866 0.0 0.0 
2008.0 1.0 1.0 0.0 0.0 5.0 11.109226330463198 55.744560448311994 0.0 0.0 
2008.0 1.0 1.0 0.0 0.0 6.0 11.14021331453904 55.71552143916634 0.0 0.0 
2008.0 1.0 1.0 0.0 0.0 7.0 11.171144368695792 55.68646873923238 0.0 0.0 
2008.0 1.0 1.0 0.0 0.0 8.0 11.202019598373356 55.65740237137073 0.0 0.0 
2008.0 1.0 1.0 0.0 0.0 9.0 11.232839109073218 55.628322358266175 0.0 0.0 
2008.0 1.0 1.0 0.0 0.0 10.0 11.263603006039796 55.59922872252899 0.0 0.0 
2008.0 1.0 1.0 0.0 0.0 11.0 11.294311394259298 55.570121486696316 0.0 0.0 
2008.0 1.0 1.0 0.0 0.0 12.0 11.324964378461276 55.541000673231345 0.0 0.0 
2008.0 1.0 1.0 0.0 0.0 13.0 11.355562063118358 55.51186630452395 0.0 0.0 
2008.0 1.0 1.0 0.0 0.0 14.0 11.38610455244622 55.48271840289117 0.0 0.0 
2008.0 1.0 1.0 0.0 0.0 15.0 11.416591951028074 55.45355699037171 0.0 0.0 
2008.0 1.0 1.0 0.0 0.0 16.0 11.447024361721107 55.42438208941669 0.0 0.0 
2008.0 1.0 1.0 0.0 0.0 17.0 11.477401888228572 55.39519372204182 0.0 0.0 
2008.0 1.0 1.0 0.0 0.0 18.0 11.50772463403333 55.36599191017886 0.0 0.0 
2008.0 1.0 1.0 0.0 0.0 19.0 11.537992702361208 55.336776675688114 0.0 0.0 
2008.0 1.0 1.0 0.0 0.0 20.0 11.568206196181988 55.30754804035793 0.0 0.0 
2008.0 1.0 1.0 0.0 0.0 21.0 11.598365218209148 55.27830602590552 0.0 0.0 
2008.0 1.0 1.0 0.0 0.0 22.0 11.628469870900531 55.24905065397677 0.0 0.0 
2008.0 1.0 1.0 0.0 0.0 23.0 11.658520256457907 55.219781946147116 0.0 0.0 
2008.0 1.0 1.0 0.0 0.0 24.0 11.688516476828468 55.190499923920754 0.0 0.0 
2008.0 1.0 1.0 0.0 0.0 25.0 11.718458633704525 55.16120460873128 0.0 0.0 
2008.0 1.0 1.0 0.0 0.0 26.0 11.748346828523415 55.13189602194234 0.0 0.0 
2008.0 1.0 1.0 0.0 0.0 27.0 11.778181162926577 55.10257418469105 0.0 0.0 
2008.0 1.0 1.0 0.0 0.0 28.0 11.807961737541337 55.07323911830576 0.0 0.0 
2008.0 1.0 1.0 0.0 0.0 29.0 11.83768865300699 55.04389084395425 0.0 0.0 
