2768786.78121295 1598559.7934619738 -5500503.114700751
2008 1 1 0 0 0.0 50.85150303840111 25.84841141502192 0.0 0.0
2008 1 1 0 0 1.0 50.87750959403521 25.814995066244155 0.0 0.0
2008 1 1 0 0 2.0 50.90352050590543 25.78156099457833 0.0 0.0
2008 1 1 0 0 3.0 50.929535857402435 25.748109141096183 0.0 0.0
2008 1 1 0 0 4.0 50.95555573239985 25.71463944629918 0.0 0.0
2008 1 1 0 0 5.0 50.98158021506123 25.681151850408195 0.0 0.0
2008 1 1 0 0 6.0 51.00760938992985 25.647646293230896 0.0 0.0
2008 1 1 0 0 7.0 51.03364334193926 25.614122714148643 0.0 0.0
2008 1 1 0 0 8.0 51.05968215581838 25.580581053009162 0.0 0.0
2008 1 1 0 0 9.0 51.0857259173908 25.547021248180087 0.0 0.0
2008 1 1 0 0 10.0 51.1117747127837 25.513443237734126 0.0 0.0
2008 1 1 0 0 11.0 51.1378286284316 25.479846959448608 0.0 0.0
2008 1 1 0 0 12.0 51.163887751078164 25.446232350801814 0.0 0.0
2008 1 1 0 0 13.0 51.18995216777935 25.412599348971522 0.0 0.0
2008 1 1 0 0 14.0 51.216021965906485 25.378947890833114 0.0 0.0
2008 1 1 0 0 15.0 51.242097234488334 25.345277910934747 0.0 0.0
2008 1 1 0 0 16.0 51.26817805975826 25.311589348217574 0.0 0.0
2008 1 1 0 0 17.0 51.29426453067799 25.27788213768581 0.0 0.0
2008 1 1 0 0 18.0 51.320356736616226 25.244156213907388 0.0 0.0
2008 1 1 0 0 19.0 51.346454767272526 25.21041151113124 0.0 0.0
2008 1 1 0 0 20.0 51.37255871267963 25.17664796328411 0.0 0.0
2008 1 1 0 0 21.0 51.39866866320698 25.142865503968935 0.0 0.0
2008 1 1 0 0 22.0 51.42478470956345 25.10906406646205 0.0 0.0
2008 1 1 0 0 23.0 51.45090694280071 25.075243583711604 0.0 0.0
2008 1 1 0 0 24.0 51.477035454315775 25.04140398833371 0.0 0.0
2008 1 1 0 0 25.0 51.50317033585425 25.007545212610825 0.0 0.0
2008 1 1 0 0 26.0 51.52931167986599 24.973667187954167 0.0 0.0
2008 1 1 0 0 27.0 51.555459579544646 24.93976984484138 0.0 0.0
2008 1 1 0 0 28.0 51.581614126619314 24.905853116180378 0.0 0.0
2008 1 1 0 0 29.0 51.60777541507726 24.871916931649935 0.0 0.0
