2768786.78121295 1598559.7934619738 -5500503.114700751 
2008.0 1.0 1.0 0.0 0.0 0.0 50.851531469397514 25.848420431485614 0.0 0.0 
2008.0 1.0 1.0 0.0 0.0 1.0 50.87753805297096 25.815004106722164 0.0 0.0 
2008.0 1.0 1.0 0.0 0.0 2.0 50.903548992882776 25.781570059137472 0.0 0.0 
2008.0 1.0 1.0 0.0 0.0 3.0 50.92956437252405 25.748118229803513 0.0 0.0 
2008.0 1.0 1.0 0.0 0.0 4.0 50.955584252162446 25.714648511742034 0.0 0.0 
2008.0 1.0 1.0 0.0 0.0 5.0 50.981608763102166 25.681160940129438 0.0 0.0 
2008.0 1.0 1.0 0.0 0.0 6.0 51.00763796635288 25.64765540729876 0.0 0.0 
2008.0 1.0 1.0 0.0 0.0 7.0 51.03367194684855 25.614131852631456 0.0 0.0 
2008.0 1.0 1.0 0.0 0.0 8.0 51.05971078931834 25.580590215975374 0.0 0.0 
2008.0 1.0 1.0 0.0 0.0 9.0 51.08575457958618 25.547030435698286 0.0 0.0 
2008.0 1.0 1.0 0.0 0.0 10.0 51.111803403780016 25.51345244987383 0.0 0.0 
2008.0 1.0 1.0 0.0 0.0 11.0 51.137857348334435 25.47985619627903 0.0 0.0 
2008.0 1.0 1.0 0.0 0.0 12.0 51.16391647580357 25.44624156487746 0.0 0.0 
2008.0 1.0 1.0 0.0 0.0 13.0 51.189980921550074 25.412608587873336 0.0 0.0 
2008.0 1.0 1.0 0.0 0.0 14.0 51.21605074882939 25.378957154631678 0.0 0.0 
2008.0 1.0 1.0 0.0 0.0 15.0 51.24212604667047 25.34528719970044 0.0 0.0 
2008.0 1.0 1.0 0.0 0.0 16.0 51.26820690130714 25.311598662021186 0.0 0.0 
2008.0 1.0 1.0 0.0 0.0 17.0 51.29429340170179 25.277891476598903 0.0 0.0 
2008.0 1.0 1.0 0.0 0.0 18.0 51.32038563722339 25.244165578001446 0.0 0.0 
2008.0 1.0 1.0 0.0 0.0 19.0 51.34648367286039 25.210420852933158 0.0 0.0 
2008.0 1.0 1.0 0.0 0.0 20.0 51.37258764799362 25.17665733040672 0.0 0.0 
2008.0 1.0 1.0 0.0 0.0 21.0 51.39869762835674 25.142874896484965 0.0 0.0 
2008.0 1.0 1.0 0.0 0.0 22.0 51.42481370465897 25.10907348444441 0.0 0.0 
2008.0 1.0 1.0 0.0 0.0 23.0 51.45093596795243 25.075253027233416 0.0 0.0 
2008.0 1.0 1.0 0.0 0.0 24.0 51.47706450963455 25.041413457468508 0.0 0.0 
2008.0 1.0 1.0 0.0 0.0 25.0 51.50319942145141 25.00755470743247 0.0 0.0 
2008.0 1.0 1.0 0.0 0.0 26.0 51.529340770610055 24.973676660963296 0.0 0.0 
2008.0 1.0 1.0 0.0 0.0 27.0 51.555488700714186 24.939779343681884 0.0 0.0 
2008.0 1.0 1.0 0.0 0.0 28.0 51.58164327832698 24.90586264092746 0.0 0.0 
2008.0 1.0 1.0 0.0 0.0 29.0 51.6078045974357 24.871926482378278 0.0 0.0 
